B part of Ybus:
 -19.44707   15.26309    0.00000    0.00000    4.23498    0.00000    0.00000    0.00000    0.00000    0.00000    0.00000    0.00000    0.00000    0.00000 
  15.26309  -30.27212    4.78186    5.11584    5.19393    0.00000    0.00000    0.00000    0.00000    0.00000    0.00000    0.00000    0.00000    0.00000 
   0.00000    4.78186   -9.82238    5.06882    0.00000    0.00000    0.00000    0.00000    0.00000    0.00000    0.00000    0.00000    0.00000    0.00000 
   0.00000    5.11584    5.06882  -38.00189   21.57855    0.00000    4.67674    0.00000    1.74224    0.00000    0.00000    0.00000    0.00000    0.00000 
   4.23498    5.19393    0.00000   21.57855  -34.41221    3.69812    0.00000    0.00000    0.00000    0.00000    0.00000    0.00000    0.00000    0.00000 
   0.00000    0.00000    0.00000    0.00000    3.69812  -17.34073    0.00000    0.00000    0.00000    0.00000    4.09407    3.17596    6.10276    0.00000 
   0.00000    0.00000    0.00000    4.67674    0.00000    0.00000  -19.54901    5.67698    9.09008    0.00000    0.00000    0.00000    0.00000    0.00000 
   0.00000    0.00000    0.00000    0.00000    0.00000    0.00000    5.67698   -5.67698    0.00000    0.00000    0.00000    0.00000    0.00000    0.00000 
   0.00000    0.00000    0.00000    1.74224    0.00000    0.00000    9.09008    0.00000  -24.09251   10.36539    0.00000    0.00000    0.00000    3.02905 
   0.00000    0.00000    0.00000    0.00000    0.00000    0.00000    0.00000    0.00000   10.36539  -14.76834    4.40294    0.00000    0.00000    0.00000 
   0.00000    0.00000    0.00000    0.00000    0.00000    4.09407    0.00000    0.00000    0.00000    4.40294   -8.49702    0.00000    0.00000    0.00000 
   0.00000    0.00000    0.00000    0.00000    0.00000    3.17596    0.00000    0.00000    0.00000    0.00000    0.00000   -5.42794    2.25197    0.00000 
   0.00000    0.00000    0.00000    0.00000    0.00000    6.10276    0.00000    0.00000    0.00000    0.00000    0.00000    2.25197  -10.66969    2.31496 
   0.00000    0.00000    0.00000    0.00000    0.00000    0.00000    0.00000    0.00000    3.02905    0.00000    0.00000    0.00000    2.31496   -5.34401 

L in Jacobian:
  20.26196  -15.76604    0.00000    0.00000   -4.46984    0.00000    0.00000    0.00000    0.00000    0.00000    0.00000    0.00000    0.00000    0.00000 
 -15.90213   31.14345   -4.87798   -5.27626   -5.48196    0.00000    0.00000    0.00000    0.00000    0.00000    0.00000    0.00000    0.00000    0.00000 
   0.00000   -4.93944    9.59255   -5.22776    0.00000    0.00000    0.00000    0.00000    0.00000    0.00000    0.00000    0.00000    0.00000    0.00000 
   0.00000   -5.28442   -5.17070   39.23194  -22.77520    0.00000   -4.67243    0.00000   -1.75530    0.00000    0.00000    0.00000    0.00000    0.00000 
  -4.41230   -5.36508    0.00000  -22.25520   36.30708   -4.23398    0.00000    0.00000    0.00000    0.00000    0.00000    0.00000    0.00000    0.00000 
   0.00000    0.00000    0.00000    0.00000   -3.90320   20.61534    0.00000    0.00000    0.00000    0.00000   -4.37911   -3.50938   -6.62811    0.00000 
   0.00000    0.00000    0.00000   -4.82339    0.00000    0.00000   19.53023   -5.67174   -9.15822    0.00000    0.00000    0.00000    0.00000    0.00000 
   0.00000    0.00000    0.00000    0.00000    0.00000    0.00000   -5.67174    5.67174    0.00000    0.00000    0.00000    0.00000    0.00000    0.00000 
   0.00000    0.00000    0.00000   -1.79687    0.00000    0.00000   -9.08170    0.00000   24.10693  -10.51873    0.00000    0.00000    0.00000   -3.03951 
   0.00000    0.00000    0.00000    0.00000    0.00000    0.00000    0.00000    0.00000  -10.44309   14.92875   -4.70949    0.00000    0.00000    0.00000 
   0.00000    0.00000    0.00000    0.00000    0.00000   -4.68731    0.00000    0.00000    0.00000   -4.46808    9.07105    0.00000    0.00000    0.00000 
   0.00000    0.00000    0.00000    0.00000    0.00000   -3.63616    0.00000    0.00000    0.00000    0.00000    0.00000    5.98116   -2.44584    0.00000 
   0.00000    0.00000    0.00000    0.00000    0.00000   -6.98704    0.00000    0.00000    0.00000    0.00000    0.00000   -2.48839   11.52968   -2.32296 
   0.00000    0.00000    0.00000    0.00000    0.00000    0.00000    0.00000    0.00000   -3.05176    0.00000    0.00000    0.00000   -2.51425    5.31220 
