B part of Ybus:
 -19.44707   15.26309    0.00000    0.00000    4.23498    0.00000    0.00000    0.00000    0.00000    0.00000    0.00000    0.00000    0.00000    0.00000 
  15.26309  -19.99665    4.78186    0.00000    0.00000    0.00000    0.00000    0.00000    0.00000    0.00000    0.00000    0.00000    0.00000    0.00000 
   0.00000    4.78186   -9.82238    5.06882    0.00000    0.00000    0.00000    0.00000    0.00000    0.00000    0.00000    0.00000    0.00000    0.00000 
   0.00000    0.00000    5.06882  -11.97678    0.00000    0.00000    4.88951    0.00000    1.85550    0.00000    0.00000    0.00000    0.00000    0.00000 
   4.23498    0.00000    0.00000    0.00000   -8.77846    4.25745    0.00000    0.00000    0.00000    0.00000    0.00000    0.00000    0.00000    0.00000 
   0.00000    0.00000    0.00000    0.00000    4.25745  -13.24666    0.00000    0.00000    0.00000    0.00000    0.00000    3.17596    6.10276    0.00000 
   0.00000    0.00000    0.00000    4.88951    0.00000    0.00000  -19.54901    5.67698    9.09008    0.00000    0.00000    0.00000    0.00000    0.00000 
   0.00000    0.00000    0.00000    0.00000    0.00000    0.00000    5.67698   -5.67698    0.00000    0.00000    0.00000    0.00000    0.00000    0.00000 
   0.00000    0.00000    0.00000    1.85550    0.00000    0.00000    9.09008    0.00000  -24.09251   10.36539    0.00000    0.00000    0.00000    3.02905 
   0.00000    0.00000    0.00000    0.00000    0.00000    0.00000    0.00000    0.00000   10.36539  -14.76834    4.40294    0.00000    0.00000    0.00000 
   0.00000    0.00000    0.00000    0.00000    0.00000    0.00000    0.00000    0.00000    0.00000    4.40294   -4.40294    0.00000    0.00000    0.00000 
   0.00000    0.00000    0.00000    0.00000    0.00000    3.17596    0.00000    0.00000    0.00000    0.00000    0.00000   -5.42794    2.25197    0.00000 
   0.00000    0.00000    0.00000    0.00000    0.00000    6.10276    0.00000    0.00000    0.00000    0.00000    0.00000    2.25197  -10.66969    2.31496 
   0.00000    0.00000    0.00000    0.00000    0.00000    0.00000    0.00000    0.00000    3.02905    0.00000    0.00000    0.00000    2.31496   -5.34401 

L in Jacobian:
  19.04959  -14.86426    0.00000    0.00000   -4.18519    0.00000    0.00000    0.00000    0.00000    0.00000    0.00000    0.00000    0.00000    0.00000 
 -14.99240   19.40485   -4.66611    0.00000    0.00000    0.00000    0.00000    0.00000    0.00000    0.00000    0.00000    0.00000    0.00000    0.00000 
   0.00000   -4.84911   10.18236   -5.00815    0.00000    0.00000    0.00000    0.00000    0.00000    0.00000    0.00000    0.00000    0.00000    0.00000 
   0.00000    0.00000   -4.42768   10.46238    0.00000    0.00000   -4.32079    0.00000   -1.63364    0.00000    0.00000    0.00000    0.00000    0.00000 
  -4.09496    0.00000    0.00000    0.00000    8.56588   -4.50280    0.00000    0.00000    0.00000    0.00000    0.00000    0.00000    0.00000    0.00000 
   0.00000    0.00000    0.00000    0.00000   -4.50280   15.40725    0.00000    0.00000    0.00000    0.00000    0.00000   -3.59399   -6.82815    0.00000 
   0.00000    0.00000    0.00000   -4.32079    0.00000    0.00000   17.59821   -5.11035   -8.16620    0.00000    0.00000    0.00000    0.00000    0.00000 
   0.00000    0.00000    0.00000    0.00000    0.00000    0.00000   -5.11035    5.11035    0.00000    0.00000    0.00000    0.00000    0.00000    0.00000 
   0.00000    0.00000    0.00000   -1.63364    0.00000    0.00000   -8.16620    0.00000   21.45348   -9.22277    0.00000    0.00000    0.00000   -2.76198 
   0.00000    0.00000    0.00000    0.00000    0.00000    0.00000    0.00000    0.00000   -9.15954   12.88337   -3.83993    0.00000    0.00000    0.00000 
   0.00000    0.00000    0.00000    0.00000    0.00000    0.00000    0.00000    0.00000    0.00000   -3.82023    3.78423    0.00000    0.00000    0.00000 
   0.00000    0.00000    0.00000    0.00000    0.00000   -3.52403    0.00000    0.00000    0.00000    0.00000    0.00000    5.94003   -2.44800    0.00000 
   0.00000    0.00000    0.00000    0.00000    0.00000   -6.66034    0.00000    0.00000    0.00000    0.00000    0.00000   -2.42622   11.33035   -2.35975 
   0.00000    0.00000    0.00000    0.00000    0.00000    0.00000    0.00000    0.00000   -2.77424    0.00000    0.00000    0.00000   -2.24936    4.92373 
